[gd_scene load_steps=4 format=2]

[ext_resource path="res://game-scene.gd" type="Script" id=1]
[ext_resource path="res://default_env.tres" type="Environment" id=2]
[ext_resource path="res://cards/card-set.tscn" type="PackedScene" id=3]

[node name="Spatial" type="Spatial"]
script = ExtResource( 1 )

[node name="CardSet1" parent="." instance=ExtResource( 3 )]
transform = Transform( 1, 0, 0, 0, 0.5, -0.866025, 0, 0.866025, 0.5, 0, 0, 0 )

[node name="CardSet2" parent="." instance=ExtResource( 3 )]
transform = Transform( -1, 0.00100546, -8.1333e-05, 8.13328e-05, -1.93715e-07, -1, -0.00100546, -0.999999, 1.19209e-07, 0, 0, -20.8505 )

[node name="CardSet3" parent="." instance=ExtResource( 3 )]
transform = Transform( -0.258819, -0.965926, -3.51089e-07, -8.14862e-08, 4.17233e-07, -1, 0.965926, -0.258819, -1.86635e-07, -11.7876, 0, -10.4813 )

[node name="CardSet4" parent="." instance=ExtResource( 3 )]
transform = Transform( -0.258819, 0.965926, 4.49019e-07, 4.07833e-08, 4.61936e-07, -1, -0.965926, -0.258819, -1.66595e-07, 11.7876, 0, -10.707 )

[node name="Camera" type="Camera" parent="."]
transform = Transform( 1, 0, 0, 0, 0.866025, 0.5, 0, -0.5, 0.866025, 0, 8.27639, 7.17609 )
size = 0.1
frustum_offset = Vector2( -0.003, 0 )

[node name="WorldEnvironment" type="WorldEnvironment" parent="."]
environment = ExtResource( 2 )
